platform_foreground:
3
1,500,1.3,3.0,1,1
580,500,1.3,3.0,1,1
200,275,0.9,0.025,1,1


key:
-1000,1000,1,1,1,1

door:
240,138,0.6,0.6,1,1

blocks:
1
585,450,0.3,0.3,1,1


clouds:
2
5,100,0.8,0.88,1,2
500,110,0.7,0.77,1,2

grass:
15
10,470,0.5,0.5,1,1
50,470,0.5,0.5,1,1
100,470,0.5,0.5,1,1
150,470,0.5,0.5,1,1
200,470,0.5,0.5,1,1
580,470,0.5,0.5,1,1
640,470,0.5,0.5,1,1
670,470,0.5,0.5,1,1
710,470,0.5,0.5,1,1
750,470,0.5,0.5,1,1
790,470,0.5,0.5,1,1
210,240,0.6,0.6,1,1
240,240,0.6,0.6,1,1
280,240,0.6,0.6,1,1
310,240,0.6,0.6,1,1

yellow bush:
1
190,450,0.5,0.5,1,1

blue bush:
1
605,450,0.5,0.5,1,1


teleporters:
2
-5,450,1.0,1.0,0.8,1
760,450,1.0,1.0,0.8,1

player:
120,440,0.3,0.3,1,1


// x, y, scalex, scaley, alpha, child [fore = 1, back = 2]