platform_foreground:
5
50,100,1.5,3.0,1,1
700,400,0.8,0.25,1,1
800,600,1.5,3,1,1
1600,420,2.0,3,1,1
2100,420,1.5,3,1,1

platform_background:
2
400,390,1.3,3,1,2
830,460,0.8,3,1,2

key:
600,360,0.125,0.125,1,2

door:
2300,283,0.6,0.6,1,1

yellow bush:
3
330,755,0.65,0.65,0.8,1
870,377,0.8,0.8,0.8,2
310,780,0.4,0.4,0.8,1

blue bush:
4
260,50,0.6,0.5,0.8,1
1000,538,0.6,0.6,0.8,1
450,348,0.4,0.4,1,2
130,60,0.4,0.4,1,1

trees:
4
410,310,0.3,0.35,0.8,2
850,415,0.6,0.8,0.8,1
1700,259,0.6,0.7,0.8,1
2100,189,1.0,1.0,0.8,1

clouds:
6
450,50,0.5,0.5,0.7,1
475,75,0.5,0.5,0.7,1
10,350,1.0,1.0,0.9,2
880,550,0.9,1.1,0.8,1
980,160,0.4,0.5,0.6,2
820,200,0.3,0.4,0.6,2

grass:
9
2100,400,0.4,0.4,0.8,1
2120,400,0.4,0.4,0.8,1
2140,400,0.4,0.4,0.8,1
2160,400,0.4,0.4,0.8,1
2180,400,0.4,0.4,0.8,1
2200,400,0.4,0.4,0.8,1
2220,400,0.4,0.4,0.8,1
2240,400,0.4,0.4,0.8,1
2260,400,0.4,0.4,0.8,1

player:
50,-25,0.3,0.3,1,1

blocks:
1
500,360,0.15,0.15,1,2

// x, y, scalex, scaley, alpha, child [fore = 1, back = 2]