platform_foreground:
2
300,300,3.0,2.0,0.8,1
1300,310,1.5,2.0,0.8,1

platform_background:
1
400,290,2.8,2.0,0.8,2

key:
-1000,-1000,1,1,1,1


door:
1400,175,0.6,0.6,0.8,1

trees:
8
290,115,0.6,0.8,1,1
370,208,0.3,0.4,1,1
800,115,0.6,0.8,1,1
1500,125,0.7,0.8,1,1
405,235,0.2,0.25,1,2
420,200,0.35,0.4,1,2
790,200,0.3,0.4,1,2
831,175,0.45,0.5,1,2

clouds:
12
700,5,0.4,0.4,0.2,1
720,15,0.4,0.5,0.2,1
685,10,0.3,0.4,0.2,1
1425,5,0.4,0.4,0.2,1
1475,20,0.5,0.5,0.2,1
1450,15,0.4,0.4,0.2,1
100,20,0.6,0.5,0.2,1
350,20,0.6,0.6,0.4,2
440,90,0.3,0.3,0.4,2
770,10,0.6,0.6,0.4,2
730,40,0.4,0.4,0.4,2
880,100,0.2,0.2,0.4,2

blue bush:
4
290,240,0.6,0.6,0.8,1
750,240,0.6,0.6,0.8,1
600,260,0.3,0.3,0.8,2
840,260,0.3,0.3,0.8,2

yellow bush:
5
810,260,0.4,0.4,0.8,1
1500,250,0.6,0.6,0.6,1
450,260,0.3,0.3,0.8,2
625,240,0.5,0.5,0.8,2
870,240,0.5,0.5,0.8,2


grass:
35
355,270,0.5,0.5,0.6,1
365,270,0.5,0.5,0.6,1
375,270,0.5,0.5,0.6,1
415,270,0.5,0.5,0.6,1
860,270,0.5,0.5,0.6,1
1390,295,0.3,0.3,0.6,1
1405,295,0.3,0.3,0.6,1
1420,295,0.3,0.3,0.6,1
1435,295,0.3,0.3,0.6,1
1450,295,0.3,0.3,0.6,1
1465,295,0.3,0.3,0.6,1
1480,295,0.3,0.3,0.6,1
400,280,0.2,0.2,0.6,2
410,280,0.2,0.2,0.6,2
420,280,0.2,0.2,0.6,2
430,280,0.2,0.2,0.6,2
440,280,0.2,0.2,0.6,2
450,280,0.2,0.2,0.6,2
460,280,0.2,0.2,0.6,2
615,280,0.2,0.2,0.6,2
630,280,0.2,0.2,0.6,2
645,280,0.2,0.2,0.6,2
660,280,0.2,0.2,0.6,2
675,280,0.2,0.2,0.6,2
795,280,0.2,0.2,0.6,2
810,280,0.2,0.2,0.6,2
825,280,0.2,0.2,0.6,2
840,280,0.2,0.2,0.6,2
855,280,0.2,0.2,0.6,2
870,280,0.2,0.2,0.6,2
885,280,0.2,0.2,0.6,2
900,280,0.2,0.2,0.6,2
915,280,0.2,0.2,0.6,2
930,280,0.2,0.2,0.6,2
945,280,0.2,0.2,0.6,2

player:
410,200,0.3,0.3,1,1

// x, y, scalex, scaley, alpha, child [fore = 1, back = 2]