platform_foreground:
1
0.01,320,30,5,0.8,1

platform_background:
1
0.01,300,30,5,0.8,2

trees:
16
100,135,0.6,0.8,0.8,1
180,180,0.4,0.6,1,1
400,135,0.6,0.8,0.8,1
460,113,0.6,0.9,0.4,1
465,230,0.3,0.4,0.8,1
800,135,0.6,0.8,0.8,1
900,194,0.4,0.5,0.8,1
1200,135,0.6,0.8,0.8,1
1940,135,0.6,0.8,0.8,1
300,210,0.3,0.4,0.8,2
340,185,0.3,0.5,0.8,2
700,184,0.3,0.5,0.8,2
790,115, 0.6,0.8,0.8,2
900,210,0.3,0.4,0.8,2
1100,210,0.3,0.4,0.8,2
1150,165,0.4,0.6,0.8,2

clouds:
11
650,20,0.4,0.4,0.2,1
1380,5,0.6,0.6,0.2,1
1340,30,0.4,0.4,0.2,1
50,20,0.6,0.6,1,2
130,80,0.3,0.3,0.8,2
530,20,0.8,0.8,1,2
500,100,0.4,0.4,1,2
700,15,0.4,0.4,1,2
850,100,0.5,0.5,1,2
950,150,0.3,0.3,1,2
1050,30,0.7,0.7,1,2

door:
1700,230,0.4,0.4,1,1

blue bush:
5
1160,260,0.6,0.6,0.6,1
1470,250,0.7,0.7,0.6,1
725,260,0.4,0.4,0.5,2
870,250,0.5,0.5,0.5,2
1150,260,0.4,0.4,0.5,2

yellow bush:
5
110,250,0.7,0.7,0.6,1
1240,250,0.7,0.7,0.6,1
1900,250,0.7,0.7,0.6,1
350,260,0.4,0.4,0.5,2
925,260,0.4,0.4,0.5,2

grass:
38
115,290,0.6,0.6,0.6,1
140,290,0.6,0.6,0.3,1
170,290,0.6,0.6,0.6,1
200,290,0.6,0.6,0.6,1
420,290,0.6,0.6,0.6,1
460,290,0.6,0.6,0.6,1
510,290,0.6,0.6,0.6,1
810,290,0.6,0.6,0.6,1
850,290,0.6,0.6,0.6,1
880,290,0.6,0.6,0.6,1
910,290,0.6,0.6,0.6,1
935,290,0.6,0.6,0.6,1
1200,290,0.6,0.6,0.6,1
1240,290,0.6,0.6,0.6,1
1275,290,0.6,0.6,0.6,1
1500,290,0.6,0.6,0.6,1
1530,290,0.6,0.6,0.6,1
1550,290,0.6,0.6,0.6,1
1680,290,0.6,0.6,0.6,1
1710,290,0.6,0.6,0.6,1
1740,290,0.6,0.6,0.6,1
320,280,0.4,0.4,0.6,2
340,280,0.4,0.4,0.6,2
360,280,0.4,0.4,0.6,2
690,280,0.4,0.4,0.6,2
725,280,0.4,0.4,0.6,2
750,280,0.4,0.4,0.6,2
775,280,0.4,0.4,0.6,2
790,280,0.4,0.4,0.6,2
815,280,0.4,0.4,0.6,2
835,280,0.4,0.4,0.6,2
870,280,0.4,0.4,0.6,2
900,280,0.4,0.4,0.6,2
930,280,0.4,0.4,0.6,2
1100,280,0.4,0.4,0.6,2
1130,280,0.4,0.4,0.6,2
1160,280,0.4,0.4,0.6,2
1190,280,0.4,0.4,0.6,2

teleporters:
2
400,100,0.4,0.4,0.6,2
1960,230,0.7,0.8,0.6,1

key:
-1000,-1000,1,1,0.01,1

blocks:
3
300,280,0.1,0.1,0.6,2
600,290,0.2,0.2,1,1
800,280,0.2,0.2,0.9,2

player:
70,100,0.3,0.3,1,1

// x, y, scalex, scaley, alpha, child [fore = 1, back = 2]