platform_foreground:
2
220,300,2.0,3.0,1,1
750,200,2.0,0.075,1,1

platform_background:
1
215,290,1.5,3.0,1,2


key:
-1000,250,0.25,0.25,1,1

door:
1000,65,0.6,0.6,1,1

trees:
4
220,115,0.6,0.8,0.6,1
700,15,0.7,0.8,0.8,1
450,155,0.4,0.6,0.8,2
429,225,0.3,0.3,0.8,2

yellow bush:
3
210,230,0.8,0.7,0.6,1
510,220,0.8,0.8,0.6,1
1053,125,0.7,0.7,0.6,1

blue bush:
2
470,240,0.6,0.6,0.6,1
765,127,0.7,0.7,0.6,1

clouds:
8
70,50,0.6,0.5,0.8,1
50,45,0.3,0.3,0.8,1
710,300,0.8,0.8,0.8,1
850,370,0.5,0.5,0.8,1
470,60,0.4,0.4,0.8,2
470,10,0.7,0.7,0.8,2
590,90,0.3,0.3,0.8,2
900,20,0.4,0.4,0.8,2

grass:
28
220,280,0.4,0.4,0.8,1
250,280,0.4,0.4,0.8,1
280,280,0.4,0.4,0.8,1
310,280,0.4,0.4,0.8,1
470,280,0.4,0.4,0.8,1
490,280,0.4,0.4,0.8,1
520,280,0.4,0.4,0.8,1
550,280,0.4,0.4,0.8,1
585,280,0.4,0.4,0.8,1
745,178,0.4,0.4,0.8,1
770,178,0.4,0.4,0.8,1
795,178,0.4,0.4,0.8,1
820,178,0.4,0.4,0.8,1
1000,178,0.4,0.4,0.8,1
1030,178,0.4,0.4,0.8,1
1070,178,0.4,0.4,0.8,1
1100,178,0.4,0.4,0.8,1
1125,178,0.4,0.4,0.8,1
235,275,0.3,0.3,0.8,2
260,275,0.3,0.3,0.8,2
285,275,0.3,0.3,0.8,2
310,275,0.3,0.3,0.8,2
335,275,0.3,0.3,0.8,2
360,275,0.3,0.3,0.8,2
385,275,0.3,0.3,0.8,2
410,275,0.3,0.3,0.8,2
435,275,0.3,0.3,0.8,2
460,275,0.3,0.3,0.8,2

player:
500,100,0.3,0.3,1,1

blocks:
1
260,270,0.15,0.15,0.5,2


// x, y, scalex, scaley, alpha, child [fore = 1, back = 2]