platform_foreground:
6
15,370,2.5,.6,0.8,1
100,600,.9,.1,0.8,1
270,820,1,3,.8,1
500,600,1,.1,.8,1
1000,180,1.4,.075,.8,1
1305,500,3,1.5,.8,1

platform_background:
5
450,400,.5,.1,0.8,2
600,320,.6,.15,0.8,2
585,220,.6,.08,0.8,2
530,500,.5,2,.8,2
1000,300,1,2,.8,2

player:
200,240,0.1,0.035,1,1

yellow bush:
3
330,755,0.65,0.65,0.8,1
1050,97,0.8,0.8,0.8,1
310,780,0.4,0.4,0.8,1

blue bush:
4
380,320,0.6,0.5,0.8,1
1000,118,0.6,0.6,0.8,1
480,358,0.4,0.4,1,2
230,330,0.4,0.4,1,1

trees:
8
280,185,0.6,0.8,0.8,1
1290,315,0.6,0.8,0.8,1
1400,410,0.4,0.4,0.8,1
100,280,0.3,0.4,0.9,1
140,300,0.2,0.3,0.9,1
150,255,0.4,0.5,0.9,1
440,308,0.3,0.4,0.9,2
570,385,0.4,0.5,0.9,2

clouds:
6
450,50,0.5,0.5,0.7,1
475,75,0.5,0.5,0.7,1
50,150,1.0,1.0,0.9,2
880,550,0.9,1.1,0.8,1
980,160,0.4,0.5,0.6,2
820,200,0.3,0.4,0.6,2

blocks:
2
690,300,0.15,0.15,0.5,2
150,550,0.3,0.3,0.5,1

grass:
8
300,347,0.4,0.4,0.8,1
320,347,0.4,0.4,0.8,1
340,347,0.4,0.4,0.8,1
360,347,0.4,0.4,0.8,1
380,347,0.4,0.4,0.8,1
400,347,0.4,0.4,0.8,1
420,347,0.4,0.4,0.8,1
440,347,0.4,0.4,0.8,1
460,347,0.4,0.4,0.8,1

key:
100,550,0.25,0.25,1.0,1

door:
1100,215,.4,.4,1,2
// x, y, scalex, scaley, alpha, child [fore = 1, back = 2]