platform_foreground:
3
10,500,1.5,0.05,0.035,1
300,700,3.4,2.2,0.035,1
1030,480,1.5,3,0.035,1

platform_background:
2
200,300,1.0,0.05,0.035,2
350,200,2.0,0.05,0.035,2

key:
1100,420,0.25,0.25,1.0,1

door:
600,110,0.4,0.4,1,2

player:
150,400,0.3,0.3,1,1

trees:
13
5,315,0.5,0.8,0.8,1
80,400,0.3,0.4,0.8,1
500,563,0.5,0.6,0.8,1
560,515,0.7,0.8,0.8,1
640,563,0.5,0.6,0.8,1
700,470,0.9,1.0,0.8,1
800,563,0.5,0.6,0.8,1
1250,310,0.5,0.7,0.8,1
210,207,0.4,0.4,0.8,2
300,560,0.6,0.6,0.8,2
380,490,0.7,0.9,0.8,2
480,85,0.4,0.5,0.8,2
660,40,0.6,0.7,0.8,2

blue bush:
6
5,440,0.6,0.6,0.8,1
650,660,0.4,0.4,0.8,1
850,617,0.8,0.8,0.8,1
200,260,0.4,0.4,1,2
240,250,0.5,0.5,1,2
515,140,0.6,0.6,0.8,2

yellow bush:
6
60,450,0.5,0.5,0.8,1
240,450,0.5,0.5,0.8,1
450,617,0.8,0.8,0.8,1
680,640,0.6,0.6,0.8,1
1230,405,0.7,0.7,0.5,1
650,140,0.6,0.6,0.8,2

blocks:
2
30,500,0.3,0.3,0.5,1
1230,450,0.3,0.3,0.5,1

grass:
40
5,480,0.4,0.4,0.6,1
35,480,0.4,0.4,0.6,1
65,480,0.4,0.4,0.6,1
95,480,0.4,0.4,0.6,1
215,480,0.4,0.4,0.6,1
245,480,0.4,0.4,0.6,1
275,480,0.4,0.4,0.6,1
460,678,0.4,0.4,0.6,1
490,678,0.4,0.4,0.6,1
520,678,0.4,0.4,0.6,1
550,678,0.4,0.4,0.6,1
580,678,0.4,0.4,0.6,1
610,678,0.4,0.4,0.6,1
640,678,0.4,0.4,0.6,1
670,678,0.4,0.4,0.6,1
700,678,0.4,0.4,0.6,1
730,678,0.4,0.4,0.6,1
760,678,0.4,0.4,0.6,1
790,678,0.4,0.4,0.6,1
820,678,0.4,0.4,0.6,1
850,678,0.4,0.4,0.6,1
880,678,0.4,0.4,0.6,1
910,678,0.4,0.4,0.6,1
940,678,0.4,0.4,0.6,1
1025,457,0.4,0.4,0.6,1
1050,457,0.4,0.4,0.6,1
1080,457,0.4,0.4,0.6,1
1110,457,0.4,0.4,0.6,1
1140,457,0.4,0.4,0.6,1
1170,457,0.4,0.4,0.6,1
1200,457,0.4,0.4,0.6,1
310,278,0.4,0.4,0.6,2
335,278,0.4,0.4,0.6,2
360,278,0.4,0.4,0.6,2
350,178,0.4,0.4,0.6,2
390,178,0.4,0.4,0.6,2
430,178,0.4,0.4,0.6,2
460,178,0.4,0.4,0.6,2
500,178,0.4,0.4,0.6,2
530,178,0.4,0.4,0.6,2
530,178,0.4,0.4,0.6,2

clouds:
10
350,350,0.7,0.7,0.4,1
450,400,0.5,0.5,0.7,1
1360,100,0.8,0.8,0.4,1
1480,125,0.5,0.5,0.4,1
1330,170,0.3,0.3,0.4,1
70,10,0.8,0.8,0.4,2
40,60,0.3,0.3,0.4,2
190,90,0.4,0.4,0.4,2
630,330,0.5,0.5,0.7,2
600,385,0.25,0.25,0.7,2

// x, y, scalex, scaley, alpha, child [fore = 1, back = 2]