platform_foreground:
2
300,300,1.0,3.0,0.8,1
600,300,1.0,3.0,0.8,1

platform_background:
3
10,290,1.3,3.0,0.8,2
300,290,1.2,3.0,0.8,2
1000,150,2.0,3.0,0.6,1

door:
20,220,0.3,0.3,0.3,2

trees:
9
280,115,0.6,0.8,0.8,1
690,115,0.6,0.8,0.8,1
685,205,0.4,0.4,0.8,1
100,200,0.3,0.4,0.9,2
140,225,0.2,0.3,0.9,2
150,180,0.4,0.5,0.9,2
210,235,0.2,0.25,0.9,2
440,200,0.3,0.4,0.9,2
470,178,0.4,0.5,0.9,2

yellow bush:
3
330,235,0.65,0.65,0.8,1
1050,70,0.8,0.8,0.8,1
310,254,0.4,0.4,0.8,2

blue bush:
4
280,250,0.6,0.5,0.8,1
1000,90,0.6,0.6,0.8,1
480,254,0.4,0.4,1,2
180,254,0.4,0.4,1,2

clouds:
11
50,300,0.6,0.6,0.8,1
30,360,0.4,0.4,0.8,1
100,330,0.5,0.5,0.8,1
850,120,0.7,0.7,0.2,1
960,180,0.4,0.4,0.2,1
25,40,0.5,0.3,0.8,2
40,50,0.7,0.4,0.8,2
300,50,0.6,0.6,0.8,2
280,120,0.3,0.3,0.8,2
780,55,0.3,0.3,0.8,2
800,40,0.3,0.3,0.8,2

key:
650,250,0.25,0.25,1,1

grass:
35
300,280,0.4,0.4,0.8,1
320,280,0.4,0.4,0.8,1
340,280,0.4,0.4,0.8,1
360,280,0.4,0.4,0.8,1
380,280,0.4,0.4,0.8,1
400,280,0.4,0.4,0.8,1
420,280,0.4,0.4,0.8,1
440,280,0.4,0.4,0.8,1
460,280,0.4,0.4,0.8,1
600,280,0.4,0.4,0.8,1
620,280,0.4,0.4,0.8,1
640,280,0.4,0.4,0.8,1
660,280,0.4,0.4,0.8,1
680,280,0.4,0.4,0.8,1
700,280,0.4,0.4,0.8,1
720,280,0.4,0.4,0.8,1
740,280,0.4,0.4,0.8,1
770,280,0.4,0.4,0.8,1
120,283,0.2,0.2,0.8,2
130,283,0.2,0.2,0.8,2
140,283,0.2,0.2,0.8,2
150,283,0.2,0.2,0.8,2
160,283,0.2,0.2,0.8,2
170,283,0.2,0.2,0.8,2
180,283,0.2,0.2,0.8,2
190,283,0.2,0.2,0.8,2
200,283,0.2,0.2,0.8,2
210,283,0.2,0.2,0.8,2
220,283,0.2,0.2,0.8,2
230,283,0.2,0.2,0.8,2
240,283,0.2,0.2,0.8,2
445,280,0.2,0.2,0.8,2
460,280,0.2,0.2,0.8,2
475,280,0.2,0.2,0.8,2
490,280,0.2,0.2,0.8,2

player:
320,220,0.3,0.3,1,1

// x, y, scalex, scaley, alpha, child [fore = 1, back = 2]