platform_foreground:
8
1000,300,2.0,4.0,0.8,1
1660,1450,1.3,0.03,0.8,1
400,500,1.5,0.04,0.8,1
1000,1550,2.0,0.04,1,1
180,1250,0.5,0.04,1,1
380,1400,0.5,0.04,1,1
500,1600,0.5,0.04,1,1
1600,1650,0.5,0.04,1,1



platform_background:
6
900,900,1.5,0.8,0.8,2
1205,1040,1.0,0.1,0.8,2
1280,1250,0.7,0.2,0.8,2
600,1800,2.0,3.0,0.8,2
300,1020,1.5,0.055,0.8,2
625,1540,1.5,0.03,1,2

key:
1400,1100,0.15,0.15,0.8,2

door:
800,1560,0.3,0.3,0.8,2

trees:
10
800,1590,0.8,0.9,0.8,2
650,1620,0.7,0.8,0.8,2
875,1610,0.75,0.85,0.8,2
240,695,1.0,1.4,0.8,2
440,695,1.0,1.4,0.8,2
900,740,0.6,0.7,1,2
950,715,0.65,0.8,1,2
1020,740,0.6,0.7,1,2
1070,712,0.65,0.82,1,2
1200,50,1.0,1.1,0.8,1

grass:
15
1000,265,0.6,0.6,0.8,1
1250,265,0.6,0.62,0.8,1
1220,265,0.59,0.63,0.8,1
1310,265,0.6,0.6,0.8,1
950,855,0.8,0.8,1,2
1050,855,0.8,0.8,1,2
420,470,0.5,0.5,1,1
490,470,0.5,0.5,1,1
350,984,0.6,0.6,1,2
400,985,0.6,0.6,1,2
450,984,0.6,0.6,1,2
500,985,0.6,0.6,1,2
700,1770,0.7,0.6,1,2
800,1770,0.6,0.5,1,2
900,1770,0.7,0.6,1,2

yellow bush:
2
1100,230,0.7,0.7,0.8,1
485,945,0.75,0.75,0.8,2


blue bush:
2
620,1740,0.6,0.6,0.8,2
790,1740,0.6,0.6,0.8,2


clouds:
19
800,20,0.9,1.1,0.9,1
500,30,0.8,0.9,0.9,1
200,300,0.7,0.6,0.9,1
300,500,0.5,0.6,0.9,2
400,530,0.5,0.6,0.9,2
1300,300,0.8,0.9,,0.3,1
1390,300,0.9,1.0,0.3,1
1520,300,0.7,0.7,0.3,1
1400,10,0.6,0.65,0.5,1
1100,550,0.7,0.75,0.5,2
1050,500,0.4,0.5,1,2
1300,900,0.5,0.5,1,2
1500,1100,0.7,0.7,1,2
1400,1200,0.9,0.9,1,1
600,1100,0.5,0.5,1,1
50,1300,0.55,0.65,1,1
450,1350,0.57,0.67,1,2
1300,1800,1.1,1.3,1,1
1700,1700,0.9,1.0,1,1


blocks:
1
400,1000,0.15,0.15,1,2

teleporters:
2
1020,20,1.0,1.0,0.1,1
1200,1910,1.0,1.0,0.1,1

player:
1150,250,0.3,0.3,1,1

// x, y, scalex, scaley, alpha, child [fore = 1, back = 2]